12.4		5.82E-21	2.71E-21	1		1.30E-22	1.91E-22	5.31E-24	1.21E-25	3.85E-23	1.77E-24	4.84E-24	6.50E-26	1.87E-25	1.22E-27	1.28E-25	7.30E-25
11.27272727	0.00140192	0.00338326	0.982446	0.00408203	0.00175158	0.000268081	6.36E-06	1.13E-06	9.35E-06	3.99E-06	1.54E-06	1.83E-06	1.11E-07	4.43E-07	1.51E-06
10.33333333	0.00178873	0.00430092	0.977384	0.00527851	0.00228091	0.000346281	9.42E-06	1.78E-06	1.09E-05	3.30E-06	3.49E-06	2.69E-06	2.38E-07	7.89E-07	1.21E-06
9.538461538	0.00190932	0.00463071	0.974014	0.00578174	0.00248564	0.000363508	1.04E-05	1.87E-06	1.22E-05	2.06E-06	5.49E-06	2.52E-06	3.08E-07	1.22E-06	5.51E-07
8.857142857	0.00189267	0.00463229	0.971442	0.00588428	0.002516	0.00035347	1.03E-05	1.68E-06	1.25E-05	9.07E-07	7.24E-06	2.03E-06	3.10E-07	1.49E-06	5.39E-08
8.266666667	0.00217097	0.00534563	0.966004	0.00690792	0.00294673	0.000401739	1.38E-05	2.00E-06	1.40E-05	2.15E-07	1.03E-05	1.91E-06	3.68E-07	1.63E-06	1.46E-07
7.75		0.00244966	0.00606829	0.960129	0.00797743	0.00339542	0.00044945	1.82E-05	2.27E-06	1.50E-05	2.36E-08	1.36E-05	1.73E-06	3.68E-07	1.46E-06	1.07E-06
7.294117647	0.00294993	0.00734398	0.951857	0.00982112	0.0041756	0.000539964	2.78E-05	2.84E-06	1.65E-05	7.18E-07	1.82E-05	1.80E-06	3.30E-07	1.12E-06	2.88E-06
6.888888889	0.00309035	0.00774803	0.946226	0.0105423	0.00446897	0.000559376	3.24E-05	2.64E-06	1.61E-05	2.47E-06	2.00E-05	1.70E-06	1.65E-07	6.64E-07	4.47E-06
6.526315789	0.00367648	0.00926906	0.93613		0.0128302	0.00543109	0.000665767	4.88E-05	3.02E-06	1.69E-05	6.13E-06	2.38E-05	2.32E-06	4.62E-08	6.44E-07	5.70E-06
6.2		0.00368779	0.00937027	0.930627	0.0132005	0.00556882	0.000659143	5.24E-05	2.34E-06	1.54E-05	1.05E-05	2.28E-05	2.62E-06	9.99E-08	9.47E-07	4.92E-06
5.904761905	0.00413948	0.0105908	0.920463	0.0151749	0.00638718	0.000739701	7.03E-05	2.11E-06	1.52E-05	1.73E-05	2.31E-05	3.81E-06	5.31E-07	2.00E-06	3.23E-06
5.636363636	0.00452287	0.0116868	0.910341	0.017042	0.00713398	0.000801773	8.96E-05	1.63E-06	1.49E-05	2.61E-05	2.12E-05	4.95E-06	1.48E-06	3.64E-06	1.03E-06
5.391304348	0.0048131	0.0125411	0.900631	0.0186211	0.00777142	0.000854408	0.000107918	1.02E-06	1.40E-05	3.54E-05	1.84E-05	5.99E-06	3.03E-06	5.11E-06	2.96E-09
5.166666667	0.0050447	0.0132799	0.890584	0.0200408	0.00832902	0.000889533	0.00012616	3.95E-07	1.33E-05	4.53E-05	1.46E-05	6.43E-06	4.86E-06	6.01E-06	1.07E-06
4.96		0.00521534	0.0138352	0.881132	0.0213072	0.00881659	0.00091808	0.000143028	5.43E-08	1.28E-05	5.46E-05	1.13E-05	6.68E-06	6.58E-06	6.08E-06	3.76E-06
4.769230769	0.00549835	0.0147622	0.869371	0.0231083	0.00952537	0.00097496	0.000168693	7.71E-08	1.34E-05	6.38E-05	8.88E-06	6.81E-06	8.29E-06	4.86E-06	6.34E-06
4.592592593	0.00584409	0.0158628	0.856252	0.0252518	0.0103608	0.00104061	0.000200294	8.15E-07	1.52E-05	7.28E-05	7.97E-06	6.82E-06	8.64E-06	3.44E-06	7.97E-06
4.428571429	0.00621959	0.017042	0.842761	0.0277194	0.0113053	0.00112385	0.000237185	2.54E-06	1.84E-05	8.00E-05	9.68E-06	8.39E-06	7.70E-06	2.38E-06	7.76E-06
4.275862069	0.0062379	0.0172999	0.832287	0.0286728	0.0116455	0.00113806	0.000252659	5.28E-06	2.02E-05	8.16E-05	1.20E-05	1.12E-05	5.03E-06	1.94E-06	6.79E-06
4.133333333	0.0065952	0.0185654	0.81663		0.0312301	0.0126254	0.00123096	0.000295904	1.10E-05	2.56E-05	8.27E-05	1.71E-05	1.78E-05	2.28E-06	2.65E-06	4.95E-06
3.815384615	0.00721146	0.0208757	0.779574	0.0369861	0.0147422	0.00144685	0.000388298	3.60E-05	4.42E-05	6.61E-05	2.79E-05	4.07E-05	3.24E-06	6.87E-06	1.36E-06
3.542857143	0.00739002	0.0223374	0.74189		0.0412549	0.0162253	0.00161371	0.000448619	8.19E-05	6.04E-05	3.97E-05	3.14E-05	4.57E-05	2.03E-05	4.57E-06	7.39E-06
3.306666667	0.00774276	0.0241978	0.699771	0.047175	0.0182816	0.00194917	0.000522297	0.000165855	7.42E-05	2.15E-05	4.83E-05	1.83E-05	2.76E-05	8.99E-07	1.02E-05
3.1		0.0077251	0.0254703	0.657121	0.0521111	0.0198793	0.00230373	0.000563678	0.00027886	7.02E-05	1.71E-05	9.68E-05	6.37E-06	1.09E-05	1.05E-06	8.45E-06
2.917647059	0.00771057	0.0267099	0.610512	0.0572388	0.0215266	0.00275052	0.000566848	0.000412943	5.59E-05	1.01E-05	0.00013785	4.90E-05	2.17E-06	5.17E-07	4.52E-06
2.755555556	0.00742525	0.0268506	0.568264	0.0612035	0.0227116	0.00324839	0.000559171	0.000525099	4.18E-05	9.95E-06	0.000125604	9.77E-05	1.47E-05	1.47E-06	1.14E-05
2.610526316	0.00705802	0.0272384	0.522736	0.0655604	0.0240844	0.00391678	0.000582701	0.000627014	2.74E-05	3.10E-05	7.22E-05	9.77E-05	2.11E-05	1.83E-06	1.92E-05
2.48		0.00641133	0.0266537	0.479815	0.0671612	0.0244768	0.00432546	0.000599961	0.00064102	1.95E-05	7.35E-05	3.77E-05	6.87E-05	2.02E-05	1.75E-07	6.09E-06
2.361904762	0.00589693	0.0264022	0.433643	0.0700754	0.0253649	0.00503188	0.000762553	0.000673752	1.42E-05	0.00010835	4.80E-05	5.64E-05	3.02E-05	4.76E-06	1.53E-05
2.254545455	0.00530123	0.0251645	0.394902	0.0707513	0.0256674	0.00549115	0.00101622	0.000666984	2.08E-05	0.000126424	9.54E-05	7.59E-05	4.96E-05	1.18E-05	5.34E-05
2.156521739	0.00467299	0.0235102	0.358645	0.0705948	0.0258049	0.00572583	0.00128737	0.000609685	3.11E-05	0.000132417	0.000157031	0.000110248	5.08E-05	1.04E-05	4.45E-05
2.066666667	0.00388274	0.0216587	0.326359	0.0685314	0.0252297	0.00553322	0.0015074	0.000524144	5.03E-05	0.000108675	0.000184827	0.000124504	3.30E-05	2.77E-06	6.55E-06
1.984		0.00327696	0.01949		0.29966		0.064161	0.0241497	0.00500159	0.00167209	0.000378823	5.81E-05	8.69E-05	0.000188582	0.000109985	1.78E-05	2.90E-05	8.82E-05
1.907692308	0.00256149	0.0162219	0.285616	0.0570733	0.0215895	0.0038086	0.00155877	0.000224302	6.02E-05	5.35E-05	0.000131597	6.89E-05	4.87E-05	7.37E-05	0.000228561
1.837037037	0.000783949	0.00419714	0.873975	0.0146445	0.00415393	0.000160293	6.46E-05	3.69E-05	2.01E-05	8.22E-06	8.43E-06	9.52E-06	8.59E-07	4.53E-05	2.43E-05
1.771428571	0.00388858	0.0315102	0.670919	0.119969	0.0294526	0.00715224	0.00422379	0.000277154	3.43E-05	3.62E-05	0.000113096	0.000196089	0.000130979	0.000284628	0.000224029
1.710344828	0.0039882	0.0359485	0.609789	0.148462	0.0368082	0.00943635	0.00631658	0.000710455	0.000119766	1.22E-05	0.000214197	0.000462582	4.36E-05	0.000929933	6.10E-05
1.653333333	0.00359458	0.0378944	0.563541	0.167515	0.044457	0.0110581	0.00782933	0.00107382	0.0001475	8.54E-05	0.000604771	0.000938822	0.000275954	0.00253357	3.14E-05
1.6		0.00313499	0.0387374	0.522569	0.181343	0.0531644	0.012602	0.00894689	0.00131259	0.000100143	0.000229582	0.00113092	0.00120961	0.00124744	0.0038762	0.000689231
1.55		0.00273497	0.0401873	0.477161	0.188196	0.0630054	0.0149458	0.0105098	0.00177146	4.79E-05	0.000405398	0.00173843	0.00138417	0.0038611	0.00343798	0.00484223
1.503030303	0.00207933	0.0427048	0.424686	0.188339	0.0718811	0.0176646	0.0126704	0.00279525	0.000234613	0.000483877	0.00197233	0.00147435	0.00770225	0.00168798	0.0179674
1.458823529	0.00134936	0.0431983	0.377769	0.186805	0.0808426	0.0206987	0.0149601	0.00407058	0.000628288	0.000567906	0.00162704	0.00131027	0.00922542	0.000608896	0.0373892
1.417142857	0.00101385	0.0435803	0.330265	0.181067	0.0906594	0.0253183	0.0187352	0.00633977	0.00153981	0.000914969	0.00119877	0.00191789	0.00717016	0.00835494	0.0472176
1.377777778	0.000709218	0.0450235	0.281681	0.171025	0.0989264	0.0307668	0.0239497	0.0098867	0.00329556	0.00170468	0.000956034	0.00337768	0.00357409	0.0342921	0.039777
1.340540541	0.000305284	0.0438389	0.242963	0.161146	0.105094	0.0353464	0.028493	0.0133651	0.00542191	0.00299322	0.000961397	0.00388226	0.00102904	0.0674904	0.0247945
1.305263158	7.83E-05	0.0401693	0.208228	0.149897	0.110985	0.0401004	0.0331221	0.0170226	0.00791782	0.00478725	0.00136212	0.00284949	0.00761266	0.0841823	0.0110243
1.271794872	4.78E-05	0.0372793	0.177674	0.137453	0.115739	0.0449296	0.0377552	0.0205581	0.0103122	0.00657436	0.00170059	0.00239203	0.0324806	0.0736077	0.00174049
1.24		7.89E-05	0.0353824	0.149037	0.121959	0.117342	0.0488042	0.0418711	0.0239195	0.0128822	0.00857004	0.00148303	0.00519197	0.0725821	0.0452941	0.000518487
1.209756098	0.000232778	0.0333132	0.12076		0.102666	0.113183	0.0499705	0.0445303	0.0271655	0.016402	0.0117669	0.00113936	0.0165441	0.112225	0.0163566	0.00439989
1.180952381	0.000519516	0.0307405	0.0963389	0.0845284	0.104521	0.0476169	0.0442581	0.0289766	0.0200347	0.0158617	0.00178356	0.0440162	0.130657	0.00130095	0.00606869
1.153488372	0.000896977	0.0272054	0.0779009	0.0702444	0.0956403	0.0433169	0.0409702	0.0279908	0.0218066	0.0190179	0.00458155	0.0946652	0.117693	0.00265048	0.00370775
1.127272727	0.00121816	0.0229127	0.0642881	0.0586274	0.0885811	0.0392072	0.0364207	0.0247337	0.0206362	0.0184562	0.00962017	0.166269	0.0804999	0.00959213	0.000978381
1.102222222	0.00146077	0.0196057	0.0504011	0.0457881	0.0811166	0.036018	0.0329408	0.0218486	0.0183735	0.0140526	0.0177991	0.245491	0.0435116	0.0117326	0.000177741
1.07826087	0.00190942	0.0183662	0.0370492	0.0334889	0.0717024	0.0328181	0.0309463	0.0212591	0.0179414	0.00835829	0.0344798	0.301081	0.0233805	0.00831886	0.000466253
1.055319149	0.00310398	0.0183612	0.0257007	0.0238731	0.0602701	0.0280467	0.0286322	0.0221277	0.0204157	0.00559289	0.0705053	0.3116		0.0203693	0.00455506	0.000525576
1.033333333	0.00491659	0.0181796	0.0188751	0.0190825	0.0505413	0.0223534	0.0246854	0.0219054	0.023254	0.00669125	0.134711	0.276646	0.0212358	0.00302859	0.000245809
1.012244898	0.00642477	0.0168395	0.0164931	0.0178367	0.0453288	0.0176175	0.0195985	0.0189894	0.0224989	0.00864347	0.22239		0.216617	0.0164783	0.00228989	4.37E-05
0.992		0.00678845	0.0143158	0.0163416	0.0169351	0.0441002	0.015185	0.0152739	0.0145277	0.0169129	0.0094504	0.313504	0.155904	0.00843306	0.00115438	2.06E-05
0.97254902	0.00584711	0.0110951	0.0158981	0.0143438	0.0441879	0.0152029	0.0138004	0.0117916	0.00941007	0.0130935	0.382506	0.107167	0.00402325	0.000330512	0.00016276
0.953846154	0.00422395	0.00812873	0.0137587	0.0103715	0.0428761	0.0164909	0.0156545	0.013338	0.00470546	0.0291787	0.41264		0.0716931	0.00573545	0.000199266	0.000292327
0.935849057	0.00291462	0.00634576	0.0105528	0.00677124	0.0394476	0.0174729	0.0190931	0.0183847	0.0048505	0.0663129	0.40315		0.0442825	0.010352	0.000316436	0.000359689
0.918518519	0.00270823	0.0061783	0.00754223	0.00466167	0.0343077	0.0168675	0.0214295	0.0236051	0.00795875	0.12577		0.364284	0.0220616	0.0123826	0.000200449	0.000314406
0.901818182	0.0037377	0.00754671	0.00547819	0.00411228	0.0282869	0.0142127	0.0207321	0.0256631	0.0106623	0.20088		0.308897	0.00726348	0.00992229	4.77E-05	8.36E-05
0.885714286	0.0054342	0.00997382	0.00464439	0.00462742	0.0228609	0.0103393	0.0169725	0.0230997	0.0109864	0.280288	0.246795	0.00229197	0.00559381	0.000437846	1.49E-05
0.870175439	0.00681111	0.0125135	0.00479236	0.00554039	0.0193108	0.0068564	0.0120526	0.0172321	0.0102371	0.352629	0.184663	0.00611125	0.00213803	0.00101735	0.000147581
0.855172414	0.00704065	0.014299	0.00558525	0.00624772	0.01835		0.00518581	0.00834531	0.0107767	0.0122484	0.409363	0.1277		0.015145	0.000508763	0.00104558	0.000128653
0.840677966	0.00599204	0.0149664	0.00690404	0.00616782	0.0194594	0.00566682	0.00715909	0.0059033	0.0214037	0.445195	0.0794662	0.0243187	0.000277958	0.00060648	2.22E-05
0.826666667	0.00418889	0.0143967	0.00862655	0.00520085	0.0210783	0.00761978	0.00856935	0.00367534	0.0413227	0.457635	0.0426375	0.0290816	0.00039626	0.000214875	1.83E-05
0.813114754	0.00231418	0.0126866	0.010531	0.00397884	0.0214108	0.00973295	0.0115911	0.00401136	0.0742003	0.446339	0.0190758	0.0282027	0.000364221	0.000111891	2.18E-05
0.8		0.000911202	0.0100856	0.012222	0.00369988	0.0193751	0.0107089	0.0146544	0.00590778	0.120598	0.412586	0.0079699	0.0234041	0.000516216	0.000182333	1.06E-06
0.787301587	0.000315117	0.00704378	0.0131831	0.00547766	0.0152192	0.00995668	0.0164008	0.0080192	0.179316	0.360875	0.00583026	0.0171511	0.00107786	0.000194984	3.77E-05
0.775		0.000589289	0.00412926	0.0129674	0.00963725	0.0102174	0.00768812	0.0160618	0.00907557	0.246487	0.29909		0.00854824	0.0112768	0.00165225	0.000105055	7.43E-05
0.763076923	0.00160069	0.00199641	0.0114333	0.0154491	0.00595981	0.00469098	0.0135943	0.00839221	0.315921	0.235727	0.012958	0.00677778	0.00170402	5.72E-05	3.44E-05
0.751515152	0.00312567	0.00123722	0.00890661	0.0215263	0.0036689	0.0019739	0.0096399	0.0063612	0.380477	0.177602	0.0171339	0.0039032	0.00120249	0.000123041	1.37E-05
0.740298507	0.0048749	0.00209798	0.00597734	0.026349	0.00390969	0.000454475	0.00532198	0.00463703	0.433		0.128758	0.0200666	0.00235801	0.000617154	0.000188105	8.94E-05
0.729411765	0.00650594	0.00438824	0.00341062	0.028819	0.00645836	0.000642747	0.00186442	0.00578667	0.469037	0.0906299	0.0214531	0.00169212	0.000387548	0.000138684	0.000138555
0.71884058	0.00769415	0.00752436	0.00189179	0.0284155	0.0104856	0.00252541	0.000130936	0.0125869	0.485987	0.0628097	0.0212054	0.0015974	0.000489075	4.77E-05	9.81E-05
0.708571429	0.00822596	0.0106925	0.00188533	0.0254918	0.0147601	0.00556919	0.000419619	0.0274104	0.484014	0.0439948	0.0196842	0.00195423	0.000547638	3.65E-06	3.98E-05
0.698591549	0.008059	0.013088	0.00346203	0.0210349	0.0180498	0.00887771	0.00236523	0.0515149	0.465638	0.0319008	0.0174941	0.00264176	0.000367389	4.84E-06	8.77E-06
0.688888889	0.00732228	0.0141593	0.00634415	0.0164015	0.0194222	0.0114715	0.00507305	0.0846344	0.434759	0.0240984	0.0151828	0.00336463	0.000102377	1.53E-05	8.56E-06
0.679452055	0.00629228	0.0136996	0.00992329	0.0130459	0.0185904	0.0126234	0.00744502	0.124685	0.396908	0.0185371	0.0130372	0.0037253	8.98E-06	6.47E-06	1.12E-05
0.67027027	0.00528724	0.0118746	0.0134493	0.0119058	0.0159866	0.0121506	0.00866713	0.168207	0.357052	0.0143267	0.0109873	0.0034004	0.000132701	4.50E-07	1.09E-05
0.661333333	0.00464039	0.00926483	0.0163686	0.0132968	0.0123549	0.0103435	0.00855248	0.212155	0.317992	0.0117921	0.00896083	0.00242918	0.000263236	1.09E-05	7.20E-06
0.652631579	0.004493	0.00645988	0.0182471	0.017107	0.00853675	0.0077511	0.00743116	0.254669	0.279816	0.0112028	0.00698506	0.0012635	0.000255872	4.26E-05	1.16E-06
0.644155844	0.00481102	0.00395697	0.0187701	0.0228066	0.00531398	0.00497947	0.00592383	0.294422	0.241906	0.0120967	0.00523777	0.000437621	0.0001818	9.84E-05	2.34E-05
0.635897436	0.00547708	0.00222221	0.0178734	0.0295303	0.00328409	0.00260391	0.00479226	0.33096		0.204663	0.0134903	0.00389413	0.000123257	0.000134798	0.000118466	4.71E-05
0.627848101	0.00635063	0.00153916	0.0156218	0.0361715	0.00276093	0.00102298	0.00471766	0.36344		0.169519	0.014501	0.00299854	0.000163642	0.000132739	6.64E-05	2.65E-05
0.62		0.00722051	0.00203156	0.0123553	0.0415501	0.003688	0.00042747	0.0063291	0.390236	0.138259	0.0148428	0.00251954	0.000334947	0.00015803	1.03E-05	5.91E-06
0.604878049	0.00839591	0.00610655	0.00521744	0.0459751	0.00838006	0.00208074	0.0170204	0.423016	0.0892296	0.0144173	0.00260054	0.00061499	0.000155897	2.39E-05	2.04E-05
0.59047619	0.00832233	0.0120758	0.000807759	0.0425163	0.0138034	0.00607507	0.0392015	0.431399	0.0540059	0.0134551	0.00283385	0.000714308	8.59E-05	3.27E-05	1.82E-05
0.576744186	0.00735059	0.0170974	0.000773265	0.0344764	0.0177908	0.0106492	0.0723342	0.420091	0.0307316	0.0110268	0.00208404	0.000532307	7.57E-05	9.14E-06	3.04E-05
0.563636364	0.00631124	0.0196324	0.00486265	0.0249492	0.0193459	0.0147766	0.116896	0.385076	0.0198386	0.00761611	0.00116003	0.000320503	0.000210223	4.26E-06	2.26E-06
0.551111111	0.0057602	0.0190292	0.0112782	0.0175624	0.0181834	0.0173298	0.171627	0.329303	0.0157227	0.00488039	0.00077381	0.000398427	0.000188279	2.22E-05	4.67E-06
0.539130435	0.00743485	0.0189304	0.0184608	0.0132212	0.0159752	0.0186099	0.246662	0.292661	0.0153589	0.00400459	0.000719384	0.000478503	2.04E-05	2.80E-05	9.82E-06
0.527659574	0.00863437	0.0144432	0.0266009	0.0133038	0.0101702	0.0148488	0.314012	0.237801	0.0126714	0.00252924	0.000617011	0.000186622	0.000133455	2.96E-05	2.08E-06
0.516666667	0.00917487	0.0103388	0.030166	0.02058		0.00450435	0.00986115	0.365815	0.191193	0.00913499	0.00163054	0.000558929	7.36E-07	0.000121878	4.51E-05	2.11E-05
0.506122449	0.0090169	0.0081803	0.0292828	0.0320248	0.000994812	0.00696771	0.402953	0.153433	0.00619135	0.00105762	0.000576612	8.75E-05	7.40E-06	3.99E-05	1.13E-05
0.496		0.00817396	0.00875183	0.0243054	0.0439034	0.000606765	0.00896972	0.425327	0.123866	0.00390668	0.000942938	0.000738017	9.99E-05	3.87E-05	2.22E-05	1.88E-05
0.48627451	0.00678263	0.0121334	0.0169986	0.053013	0.00296753	0.0172463	0.435183	0.1001		0.00249848	0.00118423	0.000977749	4.71E-05	2.44E-05	2.80E-05	1.56E-05
0.476923077	0.00514102	0.0178602	0.00941101	0.0577068	0.00706977	0.0319672	0.435236	0.0803227	0.00191071	0.00124198	0.000992772	3.20E-05	4.83E-06	2.32E-05	1.13E-05
0.467924528	0.00361896	0.0250647	0.00332456	0.0571271	0.0116493	0.052606	0.426461	0.0646525	0.00183132	0.00109987	0.000757601	5.86E-06	7.89E-06	7.41E-06	1.63E-05
0.459259259	0.00250254	0.0324882	0.00024256	0.0519321	0.015483	0.0779008	0.410987	0.0521428	0.0019834	0.000972975	0.00049134	4.36E-05	5.49E-06	6.50E-06	4.69E-06
0.450909091	0.00189016	0.0388324	0.000782458	0.0439968	0.0178705	0.106231	0.391699	0.0414595	0.00215871	0.000776756	0.000222495	7.39E-05	3.30E-06	1.27E-06	4.34E-06
0.442857143	0.00175676	0.0429565	0.00458118	0.0353634	0.0185745	0.135882	0.370385	0.0322244	0.00216745	0.000542463	3.88E-05	2.81E-05	6.75E-06	5.69E-08	8.79E-07
0.435087719	0.00203432	0.04416		0.0104945	0.0279767	0.0179465	0.16554		0.348061	0.0241987	0.00185095	0.000351219	1.76E-05	3.32E-06	1.23E-05	3.19E-07	1.42E-06
0.427586207	0.00263558	0.0425508	0.0171136	0.0228679	0.0167247	0.194928	0.324883	0.0174286	0.00131732	0.000204895	3.33E-05	1.30E-05	8.05E-07	8.03E-07	4.36E-07
0.420338983	0.00341637	0.0389184	0.0233797	0.0199786	0.0154919	0.224713	0.299761	0.0122904	0.00080473	0.000144179	1.25E-05	1.13E-05	1.05E-05	1.39E-06	1.17E-07
0.413333333	0.00420656	0.0340819	0.0286175	0.0188146	0.0144295	0.255244	0.272291	0.00877027	0.000407189	0.000166248	2.67E-06	9.19E-06	1.19E-05	2.65E-06	9.42E-07
0.406557377	0.00489722	0.0288443	0.0324044	0.0189077	0.0134177	0.285522	0.244365	0.00646623	0.000137903	0.000177994	2.40E-05	1.82E-05	3.27E-06	4.06E-06	3.51E-07
0.4		0.00543424	0.0238463	0.0345361	0.0199185	0.0124746	0.314076	0.217848	0.00494129	4.57E-05	0.000126774	3.98E-05	1.14E-05	1.29E-05	3.10E-06	1.57E-06
0.393650794	0.00576387	0.0196352	0.0351447	0.0215123	0.0116955	0.340197	0.192951	0.00400426	0.000171611	6.07E-05	5.77E-05	1.92E-05	1.16E-05	4.33E-06	1.18E-06
0.3875		0.00586708	0.0167501	0.0345866	0.0235239	0.0111855	0.364068	0.16963		0.00359167	0.000431935	2.14E-05	8.10E-05	4.44E-05	1.13E-05	4.50E-06	1.24E-06
0.381538462	0.00572813	0.0152844	0.0331867	0.0259168	0.0110207	0.385213	0.147804	0.00357032	0.000686446	1.80E-05	8.49E-05	3.51E-05	1.62E-05	3.46E-06	7.13E-07
0.375757576	0.00534949	0.0151872	0.0312562	0.028823	0.0113345	0.402659	0.127802	0.00381573	0.00081785	3.70E-05	6.49E-05	1.50E-05	1.26E-05	5.93E-06	6.05E-07
0.370149254	0.00478741	0.0163069	0.0289809	0.0324976	0.0124838	0.415234	0.110169	0.00424652	0.000773041	4.87E-05	3.46E-05	2.27E-05	1.24E-05	3.47E-06	1.25E-06
0.364705882	0.00413783	0.0184134	0.0264557	0.037034	0.014964	0.422665	0.0951864	0.004763	0.000604226	4.46E-05	8.88E-06	2.48E-05	1.00E-05	4.52E-06	3.50E-07
0.35942029	0.00347349	0.0212155	0.0237368	0.042332	0.0191917	0.425379	0.0825832	0.00523837	0.000397759	3.16E-05	5.78E-07	1.09E-05	8.52E-06	4.00E-06	9.34E-07
0.354285714	0.00283283	0.0243791	0.0208442	0.0481316	0.0254172	0.423856	0.0718301	0.00556348	0.00022484	1.49E-05	1.87E-06	2.68E-06	6.50E-06	2.14E-06	7.76E-07
0.349295775	0.002262	0.0276231	0.017836	0.053995	0.0336348	0.419195	0.062498	0.00565538	0.000141314	4.74E-06	1.84E-06	2.58E-06	1.96E-06	2.40E-06	4.76E-07
0.344444444	0.00180877	0.0306948	0.014855	0.0595514	0.0436214	0.412619	0.0541907	0.00544779	0.000162101	8.24E-06	8.35E-07	2.24E-06	2.72E-06	1.56E-06	8.39E-07
0.339726027	0.00150649	0.0333052	0.0120444	0.0646393	0.055121	0.404676	0.0465643	0.00490898	0.000259996	2.39E-05	1.22E-06	9.52E-07	2.25E-06	1.50E-06	7.03E-07
0.335135135	0.00138438	0.0352654	0.00947916	0.0691971	0.0679582	0.395558	0.0395429	0.00410768	0.000394177	5.15E-05	4.71E-06	8.15E-07	1.29E-06	2.37E-06	1.41E-06
0.330666667	0.00146227	0.0365014	0.0071885	0.0731684	0.0820443	0.385171	0.0332073	0.00317519	0.000524936	9.08E-05	1.30E-05	1.01E-06	2.32E-06	2.45E-06	1.72E-06
0.326315789	0.00174812	0.0370383	0.00520026	0.0764982	0.0973762	0.373346	0.0276594	0.00224661	0.000620378	0.000131328	2.27E-05	1.12E-06	1.71E-06	3.44E-06	2.59E-06
0.322077922	0.00222108	0.0369109	0.00353986	0.0790574	0.113973	0.359552	0.0229189	0.00141963	0.000672907	0.000161713	2.95E-05	1.78E-06	1.23E-06	2.96E-06	2.82E-06
0.317948718	0.00285005	0.0363396	0.00229621	0.0806462	0.131774	0.344153	0.0190829	0.000795638	0.000692419	0.000177719	3.61E-05	4.14E-06	1.24E-06	3.23E-06	3.15E-06
0.313924051	0.00357569	0.0354666	0.00158454	0.0811029	0.150572	0.327492	0.016105	0.000399775	0.000682307	0.000174018	4.29E-05	6.05E-06	6.50E-07	2.85E-06	3.33E-06
0.31		0.00431255	0.0343646	0.00152466	0.0803155	0.169985	0.309922	0.0138656	0.000206013	0.000643687	0.000152305	4.76E-05	6.71E-06	5.00E-07	2.13E-06	2.87E-06
0.30617284	0.00497979	0.0330813	0.00220466	0.0783023	0.189551	0.292019	0.012244	0.000164152	0.000579239	0.000124648	4.89E-05	9.15E-06	6.30E-07	1.65E-06	2.91E-06
0.302439024	0.00550752	0.0316294	0.0036485	0.0752318	0.208835	0.274313	0.0111199	0.00021508	0.000488727	0.00010156	4.58E-05	1.17E-05	6.58E-07	1.09E-06	2.29E-06
0.298795181	0.00584959	0.030001	0.00580854	0.0713496	0.22752		0.257194	0.0103944	0.000303992	0.000379128	9.03E-05	4.30E-05	1.21E-05	9.93E-07	6.98E-07	2.09E-06
0.295238095	0.00599014	0.0281788	0.00858315	0.0669256	0.245386	0.240893	0.0099782	0.000390431	0.000262531	8.95E-05	4.43E-05	1.25E-05	1.42E-06	4.00E-07	1.72E-06
0.291764706	0.00594315	0.0261743	0.011846	0.0622068	0.262353	0.225487	0.00979331	0.000452203	0.000153669	9.12E-05	4.61E-05	1.41E-05	1.49E-06	2.45E-07	1.60E-06
0.288372093	0.00573911	0.0240239	0.0154878	0.0573639	0.278411	0.210912	0.00976921	0.000483836	6.83E-05	8.97E-05	4.59E-05	1.53E-05	1.95E-06	1.25E-07	1.40E-06
0.285057471	0.00541782	0.0217989	0.0194178	0.0525211	0.293583	0.197081	0.00984865	0.000490428	1.76E-05	8.47E-05	4.51E-05	1.55E-05	2.37E-06	8.05E-08	1.28E-06
0.281818182	0.00500949	0.0195539	0.0235804	0.0477498	0.307776	0.183871	0.0099747	0.000481847	2.28E-06	7.74E-05	4.51E-05	1.61E-05	2.32E-06	2.68E-08	1.20E-06
0.278651685	0.00455678	0.0173718	0.0279134	0.0431425	0.321018	0.171289	0.0101031	0.000471633	1.34E-05	6.90E-05	4.45E-05	1.64E-05	2.68E-06	2.02E-08	1.05E-06
0.275555556	0.00409246	0.0153128	0.0323775	0.0387663	0.333308	0.1593		0.0101818	0.000472661	3.82E-05	6.18E-05	4.28E-05	1.61E-05	2.83E-06	9.20E-09	1.05E-06
0.272527473	0.00364384	0.013425	0.0369466	0.0346797	0.344645	0.147871	0.0101656	0.000493499	6.51E-05	5.88E-05	4.23E-05	1.65E-05	2.89E-06	1.07E-08	9.45E-07
0.269565217	0.00322815	0.01173		0.0416166	0.0309262	0.354954	0.136942	0.0100121	0.000535124	8.62E-05	6.10E-05	4.33E-05	1.70E-05	3.16E-06	3.01E-08	9.42E-07
0.266666667	0.00286439	0.0102521	0.0463892	0.0275583	0.364204	0.126512	0.00969782	0.00059116	9.84E-05	6.71E-05	4.45E-05	1.72E-05	3.28E-06	6.30E-08	8.83E-07
0.263829787	0.00256628	0.00900434	0.0512668	0.0246468	0.372295	0.116607	0.00921585	0.000649703	0.000102502	7.47E-05	4.53E-05	1.80E-05	3.67E-06	1.34E-07	8.72E-07
0.261052632	0.00234227	0.00798627	0.0562487	0.0222856	0.379056	0.107272	0.00857602	0.000696921	0.000100929	8.04E-05	4.54E-05	1.87E-05	4.00E-06	2.39E-07	8.31E-07
0.258333333	0.00219702	0.00718902	0.0613151	0.0205991	0.384272	0.0985781	0.0078046	0.000720582	9.69E-05	8.18E-05	4.52E-05	1.86E-05	4.34E-06	4.07E-07	7.89E-07
0.255670103	0.00213003	0.00659416	0.0664048	0.0197509	0.387638	0.0905796	0.006934	0.000711688	9.29E-05	7.83E-05	4.43E-05	1.82E-05	4.68E-06	5.81E-07	7.67E-07
0.253061224	0.00214868	0.00619922	0.0713925	0.0199059	0.389223	0.083377	0.00602282	0.000669151	9.08E-05	7.10E-05	4.15E-05	1.76E-05	4.83E-06	8.21E-07	7.27E-07
0.250505051	0.00224796	0.00598527	0.076104	0.0212082	0.388988	0.0769681	0.00511522	0.000596606	9.15E-05	6.21E-05	3.65E-05	1.62E-05	4.94E-06	1.03E-06	7.22E-07
0.248		0.00242844	0.00593842	0.0804043	0.0237227	0.387088	0.0713472	0.00425088	0.000503964	9.58E-05	5.37E-05	3.07E-05	1.43E-05	4.90E-06	1.26E-06	7.03E-07
0.238461538	0.00379117	0.00713714	0.0909342	0.045245	0.367198	0.0550198	0.00163796	0.000145712	0.000124265	3.38E-05	1.41E-05	7.28E-06	3.69E-06	1.70E-06	7.65E-07
0.22962963	0.00539566	0.00983534	0.0897862	0.0788298	0.339951	0.0439446	0.000476474	0.000133262	9.06E-05	2.67E-05	6.94E-06	2.98E-06	2.45E-06	1.79E-06	8.88E-07
0.221428571	0.0059405	0.0127634	0.0808577	0.116691	0.313672	0.0345891	0.000224845	0.000353748	8.28E-05	2.67E-05	4.55E-06	1.20E-06	1.98E-06	1.96E-06	1.07E-06
0.213793103	0.00511765	0.015042	0.0684144	0.155655	0.289466	0.0265184	0.000296053	0.000427069	0.000143224	3.61E-05	5.15E-06	7.51E-07	2.17E-06	2.46E-06	1.41E-06
0.206666667	0.00369166	0.016925	0.053885	0.194668	0.265019	0.0201983	0.000492049	0.000411062	0.000170163	4.63E-05	6.72E-06	5.53E-07	2.24E-06	2.82E-06	1.72E-06
0.2		0.00259194	0.0191875	0.0384556	0.231135	0.240147	0.0156501	0.00073813	0.000428345	0.000165875	4.83E-05	7.71E-06	5.41E-07	2.07E-06	2.81E-06	1.81E-06
0.19375		0.00218869	0.0221208	0.0242234	0.262913	0.215302	0.0123314	0.000947563	0.00040077	0.000153632	4.76E-05	8.87E-06	8.16E-07	1.75E-06	2.52E-06	1.73E-06
0.187878788	0.00220305	0.0253711	0.0131082	0.289617	0.190978	0.00970727	0.00107496	0.000310492	0.000133918	4.66E-05	1.06E-05	1.36E-06	1.34E-06	2.08E-06	1.59E-06
0.182352941	0.00217274	0.0284917	0.0061003	0.311185	0.168583	0.00744164	0.00110497	0.000231779	0.000114351	4.55E-05	1.25E-05	2.03E-06	1.01E-06	1.65E-06	1.44E-06
0.177142857	0.00185945	0.0313815	0.00348469	0.326255	0.149246	0.00520528	0.00102559	0.00019068	0.000103303	4.52E-05	1.41E-05	2.71E-06	8.34E-07	1.33E-06	1.33E-06
0.172222222	0.00121217	0.033293	0.00546021	0.328639	0.132648	0.00278214	0.000750056	0.000167973	8.99E-05	4.18E-05	1.45E-05	3.25E-06	7.85E-07	1.03E-06	1.14E-06
0.167567568	0.000602413	0.0321739	0.0105236	0.321001	0.118472	0.00125636	0.000429444	0.000123662	6.21E-05	3.13E-05	1.21E-05	3.15E-06	6.74E-07	6.40E-07	7.79E-07
0.163157895	0.000277043	0.0306009	0.0179954	0.314389	0.107762	0.000582419	0.000263626	8.03E-05	4.03E-05	2.21E-05	9.50E-06	2.81E-06	5.84E-07	3.84E-07	5.13E-07
0.158974359	0.000127942	0.0289523	0.026476	0.310784	0.0990099	0.000413988	0.000197174	5.07E-05	2.60E-05	1.57E-05	7.48E-06	2.44E-06	5.08E-07	2.39E-07	3.49E-07
0.155		6.56E-05	0.0276319	0.037061	0.306896	0.0919239	0.000560749	0.000180015	3.52E-05	1.88E-05	1.25E-05	6.43E-06	2.24E-06	4.74E-07	1.72E-07	2.70E-07
0.151219512	4.56E-05	0.0252564	0.0491019	0.299771	0.0841224	0.00107963	0.000190956	3.33E-05	1.76E-05	1.18E-05	6.17E-06	2.22E-06	4.87E-07	1.58E-07	2.44E-07
0.147619048	3.90E-05	0.0221996	0.060647	0.292367	0.0751244	0.00168264	0.000194507	3.71E-05	1.75E-05	1.11E-05	5.83E-06	2.15E-06	5.01E-07	1.53E-07	2.17E-07
0.144186047	4.32E-05	0.0197715	0.0731705	0.285037	0.0667824	0.00226985	0.000193084	4.25E-05	1.79E-05	1.07E-05	5.58E-06	2.12E-06	5.34E-07	1.63E-07	2.01E-07
0.140909091	6.15E-05	0.0179427	0.086867	0.277309	0.0591069	0.00277227	0.000204947	4.85E-05	1.88E-05	1.05E-05	5.40E-06	2.11E-06	5.77E-07	1.85E-07	1.95E-07
0.137777778	0.000113356	0.0166313	0.102255	0.267937	0.0520253	0.00314312	0.000246364	5.72E-05	2.11E-05	1.09E-05	5.42E-06	2.16E-06	6.48E-07	2.27E-07	2.04E-07
0.134782609	0.000218393	0.0154449	0.119204	0.253556	0.0449126	0.00325402	0.000316094	7.23E-05	2.57E-05	1.18E-05	5.55E-06	2.24E-06	7.55E-07	2.99E-07	2.26E-07
0.131914894	0.00034733	0.0141014	0.134446	0.233217	0.037709	0.00296251	0.000373135	9.08E-05	3.02E-05	1.22E-05	5.27E-06	2.18E-06	8.47E-07	3.70E-07	2.33E-07
0.129166667	0.00046116	0.0131015	0.146336	0.213777	0.0316388	0.00249042	0.000383544	9.96E-05	3.10E-05	1.10E-05	4.36E-06	1.87E-06	8.28E-07	3.88E-07	2.09E-07
0.126530612	0.000578018	0.0128149	0.157587	0.19678		0.026886	0.00202268	0.000369643	0.000101894	3.06E-05	9.72E-06	3.51E-06	1.55E-06	7.85E-07	3.95E-07	1.91E-07
0.124		0.00067884	0.0130232	0.167716	0.180309	0.0230105	0.00159314	0.000349993	0.000101285	2.99E-05	8.71E-06	2.82E-06	1.28E-06	7.38E-07	3.99E-07	1.79E-07
0.121568627	0.000728522	0.013393	0.174478	0.162901	0.0197293	0.0012431	0.000333153	9.96E-05	2.92E-05	7.88E-06	2.23E-06	1.02E-06	6.77E-07	3.95E-07	1.69E-07
0.119230769	0.000725942	0.0138046	0.178398	0.147033	0.0170102	0.000992549	0.000311361	9.50E-05	2.77E-05	6.99E-06	1.70E-06	7.78E-07	5.98E-07	3.75E-07	1.56E-07
0.116981132	0.000682889	0.013949	0.176991	0.129861	0.0147691	0.000841217	0.00028951	9.02E-05	2.62E-05	6.20E-06	1.24E-06	5.41E-07	5.01E-07	3.42E-07	1.43E-07
0.114814815	0.000616393	0.0136856	0.174474	0.115155	0.0127519	0.000719517	0.000251714	7.84E-05	2.22E-05	4.87E-06	7.65E-07	3.39E-07	3.97E-07	2.87E-07	1.16E-07
0.112727273	0.000540352	0.0139057	0.175104	0.105185	0.0108619	0.000652002	0.000216457	6.81E-05	1.91E-05	4.00E-06	5.19E-07	2.41E-07	3.36E-07	2.51E-07	1.00E-07
0.110714286	0.000470423	0.0141017	0.172471	0.0943528	0.00923379	0.000631547	0.000188512	6.06E-05	1.70E-05	3.44E-06	3.64E-07	1.65E-07	2.84E-07	2.22E-07	8.99E-08
0.10877193	0.000416041	0.01425		0.171165	0.0870027	0.00763833	0.000620641	0.000163146	5.31E-05	1.49E-05	2.94E-06	2.63E-07	1.19E-07	2.43E-07	1.95E-07	7.99E-08
0.106896552	0.000401595	0.0144832	0.163718	0.0763456	0.00644061	0.000615329	0.000149773	4.86E-05	1.38E-05	2.75E-06	2.19E-07	7.43E-08	2.05E-07	1.77E-07	7.72E-08
0.105084746	0.00036413	0.0130265	0.157961	0.073788	0.00447199	0.000499476	0.000113017	3.42E-05	9.43E-06	1.80E-06	1.05E-07	4.12E-08	1.40E-07	1.23E-07	5.48E-08
0.103333333	0.000441982	0.0120516	0.176324	0.0884492	0.0032274	0.000360605	8.93E-05	2.77E-05	7.52E-06	1.35E-06	5.95E-08	5.28E-08	1.34E-07	1.05E-07	4.09E-08
0.101639344	0.000590347	0.0155408	0.178709	0.0787072	0.00322685	0.000371786	0.000102472	3.54E-05	1.06E-05	2.19E-06	1.69E-07	5.44E-08	1.70E-07	1.51E-07	6.59E-08
0.1		0.000596376	0.0130591	0.0471489	0.0073525	0.00693144	0.000983429	0.0001933	5.49E-05	1.54E-05	3.77E-06	4.27E-07	2.02E-08	8.76E-08	1.41E-07	9.99E-08
0.098412698	0.000230837	0.0346719	0.170242	0.151516	0.000710184	0.000136063	0.000112092	3.38E-05	4.18E-06	1.18E-06	9.42E-08	1.80E-07	6.81E-09	1.26E-07	9.95E-08
0.096875	0.000754697	0.00975078	0.149128	0.177287	0.000833802	0.000172801	1.96E-05	3.63E-06	1.72E-06	3.74E-07	8.17E-07	3.27E-08	1.26E-07	9.67E-08	6.98E-08
0.095384615	0.000440208	0.00162487	0.143356	0.1819		0.000880331	2.36E-05	5.55E-06	3.32E-06	1.52E-06	2.41E-07	7.40E-08	3.76E-08	9.44E-08	5.18E-08	3.56E-08
0.093939394	0.000197877	0.000478936	0.244975	0.153779	0.000433268	2.42E-05	4.83E-07	3.06E-06	7.31E-07	1.96E-07	8.65E-08	2.57E-07	1.25E-07	2.12E-08	1.74E-08
0.092537313	9.23E-05	9.96E-05	0.291887	0.186079	0.000296444	5.03E-05	1.12E-05	1.50E-06	1.30E-06	2.90E-07	2.51E-07	3.15E-07	7.44E-09	3.68E-08	2.93E-09
0.091176471	1.45E-05	0.000495915	0.298853	0.235632	0.000421042	7.44E-05	1.73E-05	6.19E-06	2.67E-07	4.38E-07	2.93E-07	1.42E-07	2.09E-07	6.27E-08	1.27E-08
0.089855072	4.57E-05	0.00293042	0.303321	0.265145	0.000900736	4.87E-05	1.44E-05	2.33E-06	9.16E-07	5.41E-07	2.30E-07	1.32E-07	9.95E-08	2.88E-08	9.89E-09
0.088571429	0.000269194	0.00813492	0.315348	0.271904	0.00164122	4.41E-06	1.50E-05	7.52E-06	2.95E-06	5.45E-07	9.05E-08	2.27E-07	1.06E-07	2.06E-08	3.49E-08
0.087323944	0.000542191	0.0155006	0.333943	0.263362	0.00215788	0.000107401	1.61E-05	2.17E-06	1.35E-06	4.13E-07	3.27E-07	2.15E-07	1.36E-07	8.89E-08	4.54E-08
0.086111111	0.000628023	0.0234125	0.357985	0.245242	0.00202076	0.000387912	2.89E-05	6.44E-06	1.27E-07	3.78E-07	5.81E-07	1.95E-07	1.09E-07	2.95E-08	5.51E-08
0.084931507	0.000455144	0.0306153	0.387608	0.219996	0.00126503	0.000598504	2.22E-05	4.32E-06	5.04E-06	2.51E-07	1.78E-07	2.07E-07	1.07E-07	9.27E-08	2.77E-08
0.083783784	0.000164209	0.0361088	0.420606	0.188757	0.000562448	0.000494419	1.93E-05	9.91E-06	4.88E-06	1.22E-07	4.29E-07	1.87E-07	2.36E-07	2.11E-07	9.74E-08
0.082666667	1.25E-06	0.0403717	0.451925	0.156155	0.000854379	0.000193151	3.76E-05	3.19E-06	6.58E-07	3.15E-07	1.07E-06	1.36E-07	7.69E-08	1.84E-07	1.22E-07
0.081578947	0.000156322	0.0446997	0.476145	0.127518	0.00256737	9.53E-06	2.52E-05	6.91E-06	6.20E-06	3.91E-07	2.87E-07	9.22E-08	1.31E-07	1.65E-07	7.54E-08
0.080519481	0.000662052	0.0498597	0.490764	0.105905	0.00540146	5.95E-05	2.14E-06	2.10E-06	6.36E-06	5.76E-07	3.60E-07	2.72E-08	1.81E-07	2.01E-07	1.01E-07
0.079487179	0.00131266	0.0552659	0.498183	0.0913238	0.00850302	0.000190793	1.24E-05	5.69E-06	1.15E-06	7.47E-07	7.15E-07	2.37E-08	1.79E-07	2.02E-07	7.36E-08
0.078481013	0.00170645	0.0580171	0.502812	0.0812126	0.0103093	0.000184545	9.85E-06	7.42E-06	5.42E-06	6.79E-07	3.32E-08	2.57E-08	1.71E-07	1.27E-07	8.44E-08
0.0775		0.00168357	0.0568258	0.511319	0.0716686	0.0104964	5.74E-05	3.25E-07	1.09E-05	9.47E-06	8.17E-07	6.77E-07	4.49E-08	1.93E-07	2.11E-07	1.11E-07
0.07654321	0.00143514	0.052189	0.522811	0.0622232	0.0097883	4.87E-06	1.15E-05	6.65E-06	4.25E-06	1.19E-06	2.00E-07	4.05E-08	2.24E-07	2.73E-07	1.42E-07
0.075609756	0.00132407	0.0458947	0.532051	0.0548675	0.00892617	0.000109037	8.76E-06	1.28E-05	5.97E-06	1.58E-06	5.41E-07	5.33E-08	2.87E-07	3.04E-07	1.75E-07
0.074698795	0.00151044	0.0397582	0.53728		0.0504517	0.00819369	0.000274481	2.50E-07	1.47E-05	1.33E-05	1.84E-06	4.58E-07	6.04E-08	3.03E-07	3.24E-07	2.26E-07
0.073809524	0.00188409	0.0342299	0.539475	0.0486313	0.00758111	0.00038743	1.30E-05	1.53E-05	8.81E-06	2.15E-06	4.01E-07	2.52E-08	2.75E-07	3.68E-07	2.98E-07
0.072941176	0.00228982	0.0293223	0.538703	0.0494492	0.00717586	0.000389283	1.49E-05	1.38E-05	7.61E-06	2.41E-06	6.64E-07	1.43E-08	3.32E-07	3.95E-07	5.76E-07
0.072093023	0.00263983	0.0252205	0.533913	0.0531877	0.00709784	0.000280729	1.48E-06	1.53E-05	1.27E-05	2.24E-06	4.05E-07	1.93E-08	2.64E-07	3.81E-07	0
0.071264368	0.00287757	0.0221994	0.524816	0.0597534	0.00743101	0.000133838	8.00E-06	1.17E-05	9.52E-06	2.09E-06	6.28E-07	2.01E-08	2.65E-07	3.58E-07	0
0.070454545	0.00300566	0.0203128	0.512603	0.0685777	0.00821307	3.57E-05	1.78E-05	1.15E-05	5.80E-06	1.88E-06	3.92E-07	1.93E-08	2.66E-07	3.46E-07	0
0.069662921	0.00302678	0.0193769	0.49904		0.0785827	0.00929705	2.49E-05	8.20E-06	1.45E-05	9.15E-06	1.71E-06	3.39E-07	5.17E-08	2.72E-07	3.45E-07	0
0.068888889	0.00287966	0.0189656	0.48615		0.088848	0.0103964	6.72E-05	9.52E-06	1.64E-05	1.01E-05	1.80E-06	4.00E-07	4.92E-08	2.78E-07	3.68E-07	0
0.068131868	0.00247411	0.0186088	0.474645	0.0989369	0.0111182	9.61E-05	2.51E-05	1.33E-05	5.98E-06	1.99E-06	1.36E-07	6.62E-08	2.61E-07	3.88E-07	0
0.067391304	0.00189503	0.018188	0.46396		0.109266	0.0113483	7.66E-05	1.71E-05	1.28E-05	6.24E-06	2.33E-06	3.28E-07	4.53E-08	2.63E-07	4.79E-07	0
0.066666667	0.00135193	0.0179201	0.452898	0.120273	0.0111366	2.99E-05	1.57E-06	1.29E-05	8.86E-06	2.65E-06	2.43E-07	6.22E-08	2.80E-07	1.33E-06	0
0.065957447	0.00100596	0.0180253	0.440758	0.132085	0.0105549	1.97E-06	1.30E-05	1.08E-05	6.56E-06	2.72E-06	1.16E-07	4.78E-08	2.06E-07	0	0
0.065263158	0.000896375	0.0185823	0.427637	0.144588	0.00973318	3.38E-05	1.91E-05	8.69E-06	3.98E-06	2.44E-06	2.40E-07	3.61E-08	1.85E-07	0	0
0.064583333	0.00094502	0.0194727	0.414788	0.157362	0.00884042	0.000128736	3.87E-06	8.74E-06	5.17E-06	1.82E-06	3.43E-07	3.02E-08	1.67E-07	0	0
0.063917526	0.00102082	0.0204641	0.402309	0.17025		0.00774339	0.000227395	3.64E-06	6.89E-06	5.67E-06	1.18E-06	3.01E-07	3.31E-08	1.33E-07	0	0
0.063265306	0.00102166	0.0214575	0.389937	0.183734	0.00639199	0.000251242	1.28E-05	3.45E-06	2.87E-06	8.00E-07	2.28E-07	5.22E-08	1.01E-07	0	0
0.062626263	0.00093929	0.022603	0.376819	0.198157	0.00493597	0.00019275	5.37E-06	3.16E-06	1.31E-06	8.90E-07	2.21E-07	7.98E-08	1.00E-07	0	0
0.062		0.000787263	0.0239222	0.363365	0.212659	0.00364026	0.000126318	2.00E-05	4.70E-06	1.70E-06	1.09E-06	2.47E-07	1.37E-07	1.26E-07	0	0
